Carga
16.853
16.45
16.517
16.873
17.064
17.727
18.574
19.355
19.534
18.611
17.666
16.374
15.106
14.455
13.518
13.138
14.13
16.809
18.15
18.235
17.925
16.904
16.162
14.75
14.155
14.038
14.019
14.489
14.92
16.072
17.8
19.089
19.577
20.047
19.77
18.564
18.137
17.046
16.127
15.448
15.839
17.727
18.895
18.65
18.443
17.58
16.467
15.258
14.439
14.272
14.109
14.081
14.775
15.491
16.536
18.197
19.109
18.012
17.2
15.95
14.978
14.162
13.507
13.414
13.826
15.825
16.996
16.394
15.406
14.278
13.315
12.424
11.273
10.415
9.943
9.859
9.881
10.248
11.016
12.78
15.108
15.68
15.28
14.605
14.689
14.642
14.207
13.614
14.162
16.237
17.43
17.218
16.633
15.238
13.58
11.727
10.75
10.321
10.107
10.065
10.419
12.101
14.847
15.259
14.045
14.009
14.332
13.908
13.981
13.865
13.845
14.35
15.501
17.307
18.786
19.089
19.192
18.416
17.006
16.018
15.742
15.682
16.132
16.761
17.909
20.234
23.948
24.789
23.024
20.613
19.07
17.447
17.556
18.506
18.762
19.162
21.509
25.314
28.06
28.768
28.919
28.653
27.406
26.507
26.014
26.447
27.286
27.923
29.13
31.503
34.9
35.201
32.405
29.694
27.298
25.243
23.481
22.095
20.617
21.013
23.676
27.329
29.685
29.838
29.806
28.704
27.069
25.708
25.104
25.122
25.464
25.715
26.219
28.552
31.815
32.289
28.968
25.705
23.297
23.09
23.244
23.081
22.421
22.883
24.436
26.555
27.394
27.486
26.89
25.529
23.869
22.278
21.175
21.056
21.241
22.062
23.026
25.61
27.22
27.57
27.422
26.881
26.574
25.648
24.98
24.682
24.955
24.932
25.497
27.668
28.784
28.113
27.311
26.327
24.967
23.824
23.405
23.507
24.067
24.786
25.418
26.631
28.56
30.242
32.387
31.926
29.308
27.017
24.909
23.193
22.257
22.457
23.909
27.515
29.526
30.073
30.858
30.698
30.208
30.056
30.404
31.248
32.423
33.58
34.564
36.114
37.525
39.584
39.231
34.593
30.121
26.561
23.855
22.215
21.345
21.376
22.021
25.327
27.099
27.045
26.942
25.751
24.813
23.683
22.937
22.999
22.895
23.236
23.658
25.624
28.145
28.175
24.992
21.752
19.509
17.4
16.29
15.236
14.436
14.126
15.495
18.489
20.561
21.313
21.503
20.629
18.797
17.698
17.264
17.243
17.489
17.879
18.426
20.744
24.042
24.794
22.497
19.879
17.478
15.949
14.929
14.631
13.919
13.972
14.979
18.117
20.792
21.363
21.464
20.611
19.135
18.118
17.783
18.038
18.682
19.462
21.065
23.642
27.9
28.745
26.178
22.731
20.042
17.946
16.515
15.786
15.019
15.349
17.316
20.734
22.894
23.031
22.949
22.076
20.389
18.333
17.139
16.644
16.204
16.466
17.334
19.731
23.357
24.458
22.518
21.217
20.346
19.135
17.928
17.161
16.517
17.013
18.883
22.288
24.964
25.613
26.114
25.584
24.053
22.958
22.681
22.975
23.559
24.192
25.637
27.554
31.073
31.962
29.02
26.546
23.667
22.016
21.174
19.152
18.015
17.946
19.696
22.812
24.843
25.042
25.036
24.419
23.744
23.057
22.292
22.323
22.478
23.042
23.347
23.842
25.013
26.703
27.34
25.872
24.011
21.688
20.072
19.323
19.599
20.013
20.765
21.958
22.527
22.225
21.671
20.271
19.215
18.218
17.446
17.085
16.853
17.016
16.781
16.975
17.872
19.875
21.795
22.607
21.962
21.227
20.089
19.468
19.158
18.821
19.007
20.435
21.937
22.022
21.956
21.109
20.77
19.869
19.245
19.527
20.073
20.864
22.124
24.085
26.377
27.862
27.842
26.335
24.773
23.525
22.02
20.717
19.99
20.519
21.669
25.628
28.753
30.086
30.222
29.701
28.403
26.964
26.521
26.851
27.398
28.007
29.211
31.858
34.631
35.052
31.483
28.058
26.009
23.811
21.831
20.534
20.349
20.844
22.251
25.392
28.411
29.13
29.458
28.556
27.282
25.883
25.282
25.317
25.516
25.855
26.912
29.155
32.942
33.47
30.67
29.323
28.153
27.164
26.216
24.774
23.227
21.458
21.949
25.327
28.061
28.464
28.434
27.586
25.937
24.564
24.129
24.366
24.805
25.171
25.83
27.714
30.798
30.376
26.208
22.605
20.17
18.522
16.924
16.993
17.268
17.985
18.805
21.54
23.891
24.434
24.473
23.842
17.48
16.273
24.281
22.358
24.547
25.616
26.91
28.976
32.875
33.467
30.59
28.172
25.935
23.526
21.708
20.296
19.565
19.472
21.133
23.621
25.432
25.51
25.175
24.033
22.69
21.594
20.787
20.836
21.184
21.166
21.44
22.006
23.418
24.95
25.132
23.27
21.407
20.2
19.563
18.314
17.809
17.662
18.039
20.305
22.449
22.909
22.977
22.759
22.652
21.832
22.069
22.236
23.211
23.581
24.469
25.694
26.705
28.797
31.518
32.346
32.397
32.792
33.251
33.333
32.907
33.128
33.535
34.977
35.476
35.306
34.154
32.955
31.286
30.325
29.921
29.954
30.398
30.821
31.144
31.969
33.12
34.409
35.059
34.92
34.599
33.546
32.821
31.306
30.768
30.549
30.869
32.066
31.941
30.786
29.577
28.187
26.454
25.513
24.8
24.637
24.887
24.714
25.426
26.12
27.269
28.224
28.362
28.046
27.827
27.177
26.634
26.293
25.604
25.439
26.266
27.896
28.768
28.22
27.686
26.485
25.474
24.37
24.246
24.903
25.599
26.22
27.162
29.358
31.611
33.018
31.923
29.348
27.809
26.171
24.643
23.258
22.577
22.096
22.867
25.737
28.269
28.224
27.866
26.833
25.297
24.314
23.687
23.477
23.531
23.809
24.411
25.88
27.383
28.239
26.409
24.147
22.157
20.462
19.313
18.165
17.072
17.149
18.219
21.105
23.555
24.155
24.117
23.399
21.737
20.49
19.696
19.593
19.898
20.22
21.049
22.845
25.106
25.749
24.397
21.677
20.366
19.693
19.057
18.415
18.56
20.459
22.737
25.064
27.678
28.121
28.645
28.492
28.191
27.794
28.036
29.051
30.187
31.347
32.771
34.436
36.59
38.438
37.593
34.911
31.765
28.705
25.726
23.238
21.315
20.591
21.232
23.752
26.536
27.505
27.57
27.44
26.35
25.912
25.494
25.876
26.405
27.203
27.86
28.936
30.728
33.111
33.359
29.647
26.262
23.487
21.279
19.11
17.549
17.191
17.959
20.13
23.096
23.714
24.145
24.198
24.04
23.758
23.19
23.522
24.295
25.337
26.719
29.597
33.71
34.609
31.156
28.567
25.315
21.627
19.476
18.151
17.876
18.819
20.317
22.815
24.921
25.381
24.386
23.879
22.422
20.843
19.75
19.827
20.594
21.347
22.287
23.881
25.264
26.092
25.879
25.458
24.617
23.017
21.505
18.849
16.523
16.18
16.746
18.941
22.039
22.985
22.681
22.372
20.988
19.473
18.719
18.53
18.859
19.201
20.156
22.723
26.39
27.117
23.883
20.921
18.831
17.555
15.977
14.921
14.205
14.046
15.508
18.281
21.619
23.001
23.481
23.263
22.32
21.368
21.081
21.389
21.982
22.571
23.454
25.634
28.79
29.492
27.405
25.859
23.708
21.859
20.638
20.578
21.098
22.052
23.878
25.969
27.065
26.958
26.36
25.135
23.472
22.041
21.906
21.923
22.069
22.425
22.794
24.017
26.253
26.735
26.579
26.534
27.031
26.317
25.57
25.159
24.599
25.082
25.485
25.805
26.141
25.266
24.085
22.684
21.351
20.214
19.276
18.753
18.892
18.978
19.531
19.984
21.413
23.34
24.147
24.257
22.617
20.919
19.862
19.625
20.188
20.694
21.649
23.412
25.323
25.502
25.151
24.471
24.259
23.715
22.82
22.548
22.816
22.901
23.804
24.718
25.734
27.8
28.119
26.321
23.741
21.677
20.28
18.685
17.17
16.756
17.034
19.159
23.049
24.68
24.969
24.135
23.089
22.223
21.674
21.665
22.213
22.977
24.149
26.638
29.491
29.875
27.13
25.012
23.398
21.61
19.924
19.219
18.491
19.221
20.29
21.928
24.03
24.292
23.861
22.773
21.14
19.762
19.298
19.14
19.42
19.447
20.062
22.123
24.813
25.067
22.724
21.175
19.361
17.916
16.274
15.44
15.017
15.628
16.64
18.723
21.435
22.131
21.919
21.215
19.612
18.281
17.929
17.977
17.806
18.068
18.956
20.924
24.104
24.775
22.805
21.379
19.98
18.143
16.853
16.169
15.662
16.14
17.735
19.857
22.457
22.916
23.151
22.335
20.937
19.386
18.417
18.403
18.606
18.705
19.439
21.334
24.3
25.041
23.013
22.483
23.051
21.795
21.165
19.962
19.343
18.569
18.852
20.283
23.505
24.782
25.105
24.655
23.128
21.779
21.122
21.004
21.5
21.575
22.221
24.049
27.225
27.219
23.215
19.963
18.116
16.048
14.891
14.102
13.6
13.603
14.282
16.17
18.808
19.915
20.449
20.116
19.484
18.099
17.074
16.754
17.016
17.128
17.579
18.212
19.476
21.016
22.439
22.22
21.482
20.234
19.702
18.671
17.887
18.342
18.772
19.781
20.632
20.674
20.05
19.655
19.2
18.175
18.021
18.15
18.3
18.914
19.777
20.375
21.526
23.528
24.326
24.065
22.856
21.666
21.076
19.947
19.444
19.856
20.876
22.982
24.841
24.753
24.258
23.638
23.004
22.471
21.961
22.188
22.936
23.942
24.639
26.278
28.532
30.395
28.669
26.161
23.836
21.872
20.35
19.435
18.907
18.807
19.585
22.085
26.082
27.643
27.795
27.106
25.977
25.117
24.525
24.605
24.563
24.732
25.364
27.085
29.247
30.278
29.663
28.214
26.413
25.156
23.278
21.438
19.131
18.318
19.271
22.091
25.45
26.422
26.57
26.083
24.697
23.961
23.935
24.546
25.202
26.245
27.393
29.704
32.982
32.886
28.043
23.626
20.295
17.885
16.522
15.582
15.112
15.625
16.769
18.705
22.203
23.252
23.445
22.624
20.735
19.135
18.176
18.242
18.758
19.307
20.254
22.507
25.803
25.413
21.336
18.767
17.046
15.466
14.294
13.549
12.729
12.82
13.303
14.648
17.233
18.447
18.655
18.233
17.103
16.103
15.682
15.977
16.771
17.69
18.585
21.142
24.896
25.648
21.944
18.074
15.707
14.338
13.479
12.969
12.315
12.348
13.117
14.476
15.913
16.394
16.218
15.762
14.581
13.642
12.635
12.251
12.147
12.155
12.407
12.945
14.812
16.943
18.035
17.739
17.169
16.913
16.557
15.68
15.195
15.456
15.581
16.825
19.203
19.955
20.13
20.019
19.302
18.315
17.652
17.574
17.819
18.197
18.702
19.739
21.321
23.472
24.19
22.614
20.723
18.118
16.732
15.886
14.941
14.471
14.821
16.128
18.851
20.635
21.038
20.48
19.509
18.554
18.723
19.214
19.688
20.154
21.602
24.122
27.63
28.105
24.875
20.868
19.138
17.624
16.376
15.402
14.687
15.273
16.591
18.5
20.851
21.535
21.553
20.377
19.336
18.05
17.272
16.971
16.839
17.191
17.845
19.741
22.897
23.219
21.598
19.741
18.512
16.483
16.04
15.423
15.424
16.023
16.34
18.212
20.033
20.744
20.77
19.916
18.07
16.926
16.615
17.451
18.221
19
20.097
22.772
26.809
27.168
22.726
19.482
17.897
16.4
15.005
14.15
13.616
14.255
15.555
17.504
20.649
22.061
22.596
22.417
21.22
20.059
19.584
19.718
20.089
20.731
21.291
23.371
26.937
27.291
25.377
24.538
23.698
23.057
22.169
21.869
21.538
22.455
23.278
24.193
25.425
25.545
24.714
23.463
21.618
19.887
19.14
18.769
18.996
19.493
19.99
21.774
25.298
25.29
22.67
20.747
19.18
18.18
16.33
14.954
14.025
14.09
14.643
16.132
18.775
19.972
20.808
20.772
20.314
19.845
19.808
20.031
20.86
21.452
22.444
23.869
25.857
27.029
24.974
22.043
19.503
17.361
15.849
14.639
14.017
13.727
14.051
14.654
16.498
17.645
17.754
17.604
17.204
17.023
16.891
17.319
18.076
18.961
19.784
21.089
22.906
24.547
24.118
21.471
18.635
15.05
14.839
14.05
13.376
12.874
13.454
14.706
16.763
18.051
17.872
16.888
15.753
14.529
13.027
13.425
14.046
14.724
16.264
19.077
22.866
22.599
19.162
16.988
15.568
14.317
13.177
12.78
12.262
11.955
12.867
14.201
16.411
17.484
16.87
16.032
14.077
12.632
11.565
11.245
11.175
11.229
11.62
13.5
16.378
16.217
14.223
13.394
13.549
13.22
13.358
13.126
12.951
13.294
13.511
14.629
16.702
17.572
16.92
16.059
14.31
12.786
12.099
11.948
12.117
12.431
13.417
15.526
18.715
18.829
16.559
14.599
13.794
12.789
12.024
11.807
11.881
12.155
12.483
13.553
15.482
16.315
16.25
15.068
12.931
11.232
10.372
10.046
10.027
10.306
10.557
12.426
15.65
16.112
14.172
13.443
12.92
12.425
12.144
12.007
12.024
12.315
12.782
13.688
15.504
16.58
16.144
14.866
12.964
11.136
10.016
9.395
9.175
9.323
9.656
11.174
14.696
14.842
13.986
13.622
13.405
12.854
12.206
12.027
12
12.212
12.613
13.312
14.843
15.268
14.858
14.25
12.829
11.486
10.373
9.744
9.414
9.449
9.291
9.806
11.023
12.343
14.144
15.474
15.866
15.535
14.943
14.192
13.653
13.332
13.555
13.839
14.745
15.224
14.857
14.149
12.805
11.719
10.681
10.318
10.48
10.768
11.449
12.658
14.549
16.984
17.771
16.819
15.523
14.323
13.645
13.286
12.445
12.126
12.455
13.451
14.464
12.934
12.66
12.722
13.958
12.499
12.339
13.46
14.051
14.377
15.369
17.708
21.012
22.064
20.197
18.705
17.986
17.227
16.988
16.518
16.465
16.761
18.144
19.849
22.024
23.036
22.786
21.452
19.196
17.577
16.947
16.94
17.305
18.023
19.385
21.816
26.082
25.14
22.156
18.931
17.355
16.449
15.429
14.938
14.439
15.093
16.746
18.742
20.645
21.334
21.073
20.308
18.895
17.532
16.962
16.769
16.877
17.119
17.94
20.363
23.534
23.891
22.006
19.67
18.429
17.033
15.666
15.185
14.705
14.904
15.178
16.864
19.571
21.518
22.238
21.855
20.848
19.732
19.674
20.279
21.144
21.738
23.155
25.849
29.291
27.885
22.469
18.755
16.535
15.16
13.736
12.984
12.419
12.611
13.349
14.731
16.889
18.267
17.736
17.119
15.781
14.167
13.271
13.378
13.569
14.196
14.956
16.976
20.665
20.374
17.884
15.995
14.998
14.102
13.584
12.958
12.493
12.576
13.212
13.914
15.777
17.5
17.917
17.591
17.089
16.361
15.982
16.079
16.553
17.379
18.504
19.976
22.012
22.947
22.468
20.817
18.45
16.832
15.808
14.812
13.695
13.497
14.275
14.733
16.857
18.548
18.415
18.226
17.929
17.011
16.09
15.909
16.074
16.107
16.487
17.004
18.344
20.206
20.891
18.882
16.604
15.211
14.438
13.58
12.81
12.265
12.652
13.806
15.566
16.924
16.171
14.565
13.182
11.828
10.957
10.823
10.718
10.964
11.63
13.77
16.851
17.432
16.375
15.077
13.803
12.816
12.189
12.22
11.975
12.06
12.877
13.818
15.725
17.048
16.457
15.324
13.63
12.004
10.77
10.52
10.651
10.898
11.458
13.608
16.948
17.621
16.936
16.861
16.886
16.915
16.972
16.777
17.077
17.515
18.581
20.099
20.969
21.719
21.233
19.861
17.885
16.334
15.534
15.625
15.873
15.918
16.52
18.816
22.256
21.913
19.462
17.9
17.31
16.709
16.189
15.191
14.823
15.958
16.695
18.637
20.319
21.599
21.65
21.225
19.801
18.472
18.039
18.267
18.125
18.418
19.786
22.026
24.418
23.255
19.425
16.686
14.76
13.898
13.106
12.534
12.586
12.665
13.517
15.285
17.311
18.307
18.475
17.404
15.694
13.975
13.112
13.031
13.265
13.516
14.684
16.856
20.271
19.507
16.859
15.608
14.576
13.634
12.999
12.576
12.213
12.115
12.521
13.305
14.968
16.584
17.015
16.905
16.179
15.299
14.858
15.154
15.956
16.988
17.871
19.505
21.923
22.627
21.108
19.08
17.592
16.112
14.994
14.243
13.556
13.317
13.625
14.076
15.227
16.342
16.082
14.868
13.07
11.671
10.564
10.08
9.769
9.874
10.271
10.935
12.612
15.075
16.94
17.309
16.667
15.793
15.646
15.199
14.752
14.932
15.437
17.167
19.863
21.892
21.812
20.74
19.56
18.68
18.22
18.245
18.553
19.162
20.458
22.931
26.124
25.816
24.492
22.65
20.635
18.964
17.872
16.9
16.204
15.964
16.577
18.253
21.575
24.201
24.62
23.96
22.606
21.652
21.49
22.054
22.609
23.36
24.566
27.354
30.858
28.153
23.113
19.992
17.898
15.815
14.711
14.109
13.329
13.202
13.81
14.872
17.423
20.003
20.479
20.084
18.817
17.654
17.523
17.851
18.477
19.261
20.445
22.633
25.864
24.642
20.416
17.616
15.589
14.568
13.463
12.882
12.502
12.857
13.594
14.361
16.191
17.929
17.833
17.332
15.705
14.142
13.583
13.428
13.538
13.624
14.193
15.917
19.141
18.694
15.779
13.745
12.76
12.414
11.966
11.733
11.525
11.837
12.515
13.382
14.48
16.235
16.093
14.938
12.953
11.183
10.109
9.728
9.686
9.892
10.588
12.925
16.389
16.298
14.506
13.398
12.711
11.873
11.71
11.8
12.079
12.171
12.691
13.257
14.304
15.667
15.206
14.108
12.576
11.039
10.154
9.469
9.168
9.261
9.417
10.274
11.622
13.506
14.654
15.046
15.355
14.929
14.586
14.131
13.948
14.202
14.641
14.965
15.487
15.943
15.246
14.077
13.047
11.809
10.398
9.797
9.628
9.747
10.038
10.437
11.776
13.78
15.347
15.201
14.386
13.97
13.695
13.24
12.792
12.356
12.317
13.272
14.36
16.046
15.733
14.357
12.985
11.609
10.983
10.726
11.039
11.604
12.552
15.336
19.062
18.857
17.203
14.993
13.498
12.546
12.344
12.136
12.23
12.182
12.53
13.288
14.698
17.102
16.652
15.354
13.468
12.238
11.702
11.556
11.753
12.195
13.166
15.56
19.199
19.706
18.467
17.608
17.277
16.417
15.881
16.137
16.07
17.195
18.257
20.086
21.245
21.775
20.584
18.816
16.642
15.186
14.265
14.012
14.169
14.01
14.468
16.437
19.573
20.09
19.066
18.278
17.403
16.826
16.371
16.501
16.29
16.555
17.759
19.152
20.229
20.302
20.067
18.996
16.993
15.01
14.095
13.928
13.916
14.101
14.71
16.862
19.826
19.15
16.786
15.227
14.709
14.08
13.277
13.119
13.018
13.804
15.423
17.384
19.152
20.522
20.437
19.581
17.538
15.873
15.24
15.126
15.132
15.29
15.958
18.077
21.199
20.869
18.619
17.239
16.281
15.771
14.888
14.428
14.151
14.261
15.046
16.719
18.263
19.384
19.538
18.984
18.164
16.385
15.887
15.533
15.672
15.962
16.403
17.382
19.033
20.201
20.616
19.202
17.506
15.897
15.521
14.829
14.057
13.444
14.039
14.847
16.088
17.789
17.356
16.762
16.134
15.023
14.065
13.809
13.808
13.807
14
14.959
15.72
18.356
20.802
20.378
19.077
18.343
17.935
17.178
16.531
16.027
16.124
16.7
17.493
19.583
21.918
21.228
19.495
17.778
16.979
17.075
17.192
17.389
18.151
20.059
23.333
23.87
21.502
20.014
18.439
16.956
15.771
15.268
14.373
13.919
14.461
14.859
15.975
17.753
20.154
20.043
18.475
17.127
16.277
16.43
16.863
17.531
18.531
20.671
24.261
24.18
20.46
17.819
16.13
14.68
13.524
12.792
12.078
12.097
12.772
13.094
13.695
14.88
16.902
16.341
14.24
12.148
11.191
11.025
11.174
11.741
12.716
15.007
18.633
19.071
16.644
14.716
13.837
12.978
12.566
12.061
11.919
12.374
12.811
13.534
13.849
14.424
16.24
16.005
13.884
11.54
10.155
9.792
9.519
9.446
10.104
11.885
15.213
16.027
14.959
14.031
13.286
12.675
12.487
12.291
11.978
12.127
12.904
13.641
14.511
15.091
16.545
16.289
14.359
11.73
10.295
9.61
9.287
9.549
10.209
11.799
15.075
16.593
15.339
14.64
13.977
13.245
12.812
12.535
12.501
12.579
13.208
13.624
13.778
14.397
15.781
14.839
13.504
11.906
10.644
10.196
10.188
10.651
11.084
12.158
14.023
16.732
18.597
18.36
17.085
16.049
15.446
14.719
14.264
14.594
14.845
15.045
15.011
15.571
16.563
15.921
14.29
12.722
11.225
10.739
10.357
10.43
10.723
11.429
12.551
14.616
17.355
17.864
16.243
14.951
15.117
14.812
14.147
14.29
14.764
15.085
15.711
16.414
17.157
16.529
15.881
14.589
13.465
13.227
13.3
13.515
13.956
15.266
17.165
18.623
19.347
19.893
20.057
20.234
19.68
19.154
19.045
19.068
19.392
20.133
20.636
20.345
19.79
19.008
17.348
15.648
14.344
13.8
13.744
13.809
14.405
15.883
17.769
18.557
18.903
19.084
19.253
18.597
17.955
17.952
17.145
15.793
14.169
14.058
14.431
15.302
16.933
16.541
15.159
13.492
12.564
12.177
12.224
12.591
13.254
14.352
16.161
16.895
17.035
17.025
17.589
17.467
17.084
17.11
17.097
17.472
17.841
18.481
19.525
20.19
20.436
19.598
17.779
16.235
15.351
15.021
15.132
15.472
16.1
17.75
19.735
19.835
18.148
16.692
15.55
14.316
13.624
12.738
12.434
12.533
12.614
13.043
13.466
14.181
15.648
15.651
14.056
12.586
11.567
11.365
11.615
12.341
13.55
15.818
18.702
19.406
17.549
15.757
14.094
13.24
13.141
12.387
12.046
12.07
12.712
13.516
14.007
13.982
15.458
15.107
13.784
12.155
10.674
10.028
10.016
10.231
10.772
11.988
13.829
15.529
15.856
15.126
14.365
13.939
13.825
13.986
14.381
14.544
15.053
15.516
15.54
15.538
16.72
15.972
14.414
12.54
11.166
10.096
9.377
9.237
9.278
9.646
10.204
12.078
14.623
15.811
15.737
15.349
15.569
16.097
16.462
17.028
17.652
18.51
18.589
18.548
19.926
19.127
16.323
13.583
11.755
10.703
10.156
9.735
10.003
11.341
13.974
14.375
13.67
13.374
13.877
14.67
15.382
15.907
16.623
17.36
18.469
19.112
18.714
18.677
19.414
18.598
15.739
13.293
11.443
10.561
9.986
9.469
9.883
11.18
13.813
14.343
13.378
13.521
13.925
14.602
15.513
16.521
17.065
18.033
18.957
19.08
18.478
18.147
18.261
16.904
14.276
12.168
10.789
10.016
9.683
9.241
9.645
11.355
14.231
14.76
13.578
13.147
13.398
13.331
14.368
15.157
15.715
16.14
16.779
17.503
17.247
16.992
17.805
17.084
14.704
12.185
10.04
9.762
9.345
9.13
9.335
10.906
13.997
14.666
13.424
13.146
13.633
13.621
14.251
15.112
15.58
16.335
17.131
17.549
17.414
17.574
18.694
18.023
15.165
12.507
10.949
10.184
9.752
9.289
9.518
10.941
13.342
14.089
13.32
13.414
14.068
14.721
15.679
16.427
16.702
16.664
16.913
16.838
16.816
16.473
17.45
17.154
15.267
13.106
11.447
10.264
9.77
9.481
9.475
9.981
11.046
12.936
14.595
15.551
16.149
16.346
16.718
16.714
17.427
18.158
19.279
19.832
19.209
17.788
18.037
17.044
15.098
12.865
11.035
10.1
9.458
9.229
9.129
9.232
9.712
11.437
14.27
15.1
14.886
14.405
14.577
14.614
14.404
14.899
15.687
16.006
16.312
16.758
17.89
17.274
14.945
12.575
10.862
10.27
9.839
9.691
10.006
11.212
13.941
14.445
13.562
13.454
13.613
13.631
13.758
13.354
12.731
13.026
13.908
14.748
15.625
15.729
16.171
15.359
13.516
11.637
10.287
9.812
9.672
9.784
10.327
12.194
15.355
15.399
13.731
12.816
12.758
12.646
12.301
12.302
11.787
12.419
13.152
13.827
14.604
15.236
16.57
16.618
15.15
13.639
12.59
12.346
12.392
12.75
13.555
15.945
19.771
19.521
16.4
14.535
13.764
13.071
12.535
12.342
11.726
11.767
12.479
13.566
13.981
14.277
15.651
15.591
13.606
11.65
10.421
10.135
10.103
10.384
11.151
13.335
16.809
17.013
14.509
13.481
12.811
12.232
12.214
12.495
12.405
12.699
13.443
14.239
14.8
15.031
16.199
15.856
13.7
11.444
10.091
9.662
9.161
9.248
9.881
11.597
14.545
15.152
13.935
13.389
12.779
12.268
12.71
12.596
12.3
12.506
12.986
13.49
13.699
14.221
15.353
14.959
13.696
11.995
10.473
9.758
9.331
9.309
9.354
9.803
11.334
12.66
14.18
14.742
14.859
14.832
14.29
14.157
14.234
14.922
14.998
14.93
14.911
15.127
15.595
15.132
13.803
12.034
10.818
10.183
9.659
9.358
9.374
9.655
10.088
11.799
14.444
15.615
15.725
16.168
16.171
16.346
16.041
16.38
16.896
17.29
17.244
16.807
17.302
16.035
13.821
11.663
10.13
9.432
9.227
9.11
9.754
10.973
13.933
14.81
14.217
13.867
13.712
13.202
12.844
12.837
12.551
13.231
14.077
14.766
15.756
16.087
17.583
17.45
15.774
13.976
12.996
12.602
12.71
12.905
13.691
15.675
19.2
18.957
16.454
14.834
14.105
13.238
12.563
12.143
11.976
12.362
12.855
13.545
13.947
14.411
16.247
16.326
14.229
12.191
10.886
10.455
10.377
10.346
10.822
12.78
15.879
16.096
14.404
13.669
13.055
12.814
12.425
12.572
12.708
12.985
13.806
14.777
15.126
15.456
16.713
16.633
14.131
11.656
10.233
9.726
9.304
9.319
9.659
11.632
14.564
14.848
13.198
13.06
13.3
13.406
14.019
14.639
15.505
16.299
17.327
18.327
18.752
18.958
19.221
18.8
16.272
13.452
11.519
10.601
9.983
9.617
9.854
11.399
13.837
14.815
14.199
14.377
15.163
16.01
16.813
18.07
19.183
20.758
22.251
22.772
22.281
21.447
21.267
20.674
17.948
15.303
13.231
11.756
10.992
10.365
10.239
10.539
11.731
13.199
14.585
15.435
15.522
15.179
15.316
15.643
16.303
17.303
18.181
18.643
18.223
17.539
17.557
16.975
15.437
13.428
11.584
10.448
9.993
9.524
9.383
9.353
9.935
12.046
14.662
16.465
17.258
17.747
18.477
19.7
20.882
21.965
22.326
20.87
19.563
19.274
17.691
16.896
14.656
12.989
11.181
10.288
9.763
9.655
9.677
11.047
13.509
14.252
13.973
14.56
15.436
16.8
18.048
19.664
20.9
22.009
23.132
23.321
22.84
22.109
22.154
21.144
17.741
14.754
12.509
11.467
10.746
10.278
10.414
11.709
14.236
15.06
14.392
14.98
16.03
17.296
18.638
19.909
21.313
22.466
23.177
23.706
23.522
22.439
22.179
20.708
17.278
14.142
12.05
10.995
10.449
10.058
10.21
11.488
13.805
14.506
13.738
13.982
15.257
16.817
18.201
19.446
20.455
21.601
22.7
23.214
22.743
21.55
21.224
20.447
17.073
14.197
12.08
10.945
10.252
9.992
10.272
11.545
13.949
14.92
14.557
14.923
15.694
16.405
17.577
18.604
19.446
19.786
20.308
20.814
20.972
20.318
20.492
19.982
16.907
14.235
12.305
11.227
10.6
10.172
10.22
11.692
14.292
14.847
14.356
15.03
16.216
17.429
18.397
19.249
20.322
21.074
21.476
21.608
21.164
20.217
19.76
19.458
17.281
14.745
12.739
11.395
10.756
10.36
10.213
10.704
11.831
13.561
14.947
16.291
17.882
19.308
20.242
21.373
22.371
23.073
23.894
23.817
22.884
21.617
20.656
19.361
16.921
14.114
12.132
10.757
10.045
9.691
9.591
9.596
10.321
11.935
14.49
15.771
16.817
17.599
19.059
19.762
19.32
18.783
19.18
19.304
19.406
18.886
18.834
18.039
15.985
13.426
11.597
10.607
10.151
9.779
9.806
11.386
13.946
14.449
13.916
13.947
14.254
14.901
15.708
17.179
18.453
18.779
18.863
18.406
18.339
18.198
18.354
18.209
15.631
12.919
11.194
10.286
9.861
9.537
10.135
11.667
13.896
14.393
13.694
14.209
15.004
16
17.311
18.818
19.477
20.105
20.495
21.216
21.579
21.021
20.98
20.659
17.756
14.962
12.86
11.71
11.115
10.691
10.862
12.077
14.478
15.448
14.46
14.513
15.639
16.601
18.175
18.572
17.936
18.596
20.143
21.187
21.136
20.611
20.323
19.734
16.85
14.393
12.239
11.094
10.462
10.275
10.318
11.569
14.04
14.749
14.222
14.51
15.093
16.588
17.709
19.146
20.034
21.335
21.952
22.058
21.642
20.804
20.665
20.605
18.063
15.113
12.757
11.602
10.99
10.627
10.627
11.902
14.527
15.497
15.229
16.691
18.096
19.784
21.642
23.179
24.176
25.356
23.688
19.239
19.536
19.423
19.146
18.855
17.215
14.032
12.537
11.689
10.889
10.375
10.375
10.617
11.573
13.446
15.439
17.166
18.829
20.434
22.182
23.706
25.451
26.832
27.725
27.329
24.614
20.422
19.13
20.392
18.222
15.715
13.73
12.105
11.237
10.91
10.853
10.807
11.201
13.634
17.378
20.211
22.024
23.291
24.758
26.231
25.185
24.612
25.042
24.023
22.78
21.728
21.454
20.773
18.168
15.327
13.081
12.062
11.351
11.018
11.153
12.504
14.753
15.563
15.762
17
18.849
20.269
21.142
22.182
23.01
23.904
24.789
25.83
26.036
25.059
24.459
23.674
20.372
16.903
14.589
13.339
12.571
12.155
11.724
12.158
15.094
15.935
15.986
17.056
18.634
20.285
21.856
23.121
23.822
24.979
26.681
27.448
26.594
25.476
24.769
23.848
20.273
17.025
14.662
13.417
12.653
12.224
12.16
13.14
15.554
16.453
15.777
17.312
18.412
19.46
20.238
21.274
22.271
22.775
23.261
23.519
23.562
21.14
20.265
19.484
16.781
14.094
12.281
11.359
10.972
10.598
10.657
11.856
14.375
15.047
14.995
15.141
15.662
16.898
17.623
18.525
19.919
21.707
23.533
24.691
24.523
23.644
22.831
22.92
20.005
16.536
14.422
13.195
12.377
12.008
11.986
12.793
15.258
16.486
16.018
15.924
16.085
16.094
17.046
18.329
18.764
18.986
19.79
20.577
20.683
19.877
19.423
19.957
17.971
15.309
13.126
11.728
10.928
10.379
10.186
10.354
11.559
13.592
15.894
17.599
18.681
19.007
20.203
21.131
22.043
23.055
23.861
24.836
24.722
22.698
21.329
20.714
18.133
15.254
12.728
11.12
10.272
9.909
9.655
9.787
10.555
12.146
14.565
16.197
16.489
16.412
16.079
15.653
15.113
15.17
16.013
16.345
16.273
16.468
16.856
17.017
15.601
13.667
11.858
10.57
9.986
9.726
9.589
10.043
10.806
12.26
14.902
17.135
18.707
20.18
21.023
21.466
21.738
22.616
22.675
22.525
22.164
20.747
20.067
19.688
17.44
14.503
12.351
11.224
10.359
10.095
10.25
11.528
13.747
14.581
14.403
14.826
15.891
16.377
16.989
17.413
18.18
18.939
20.182
21.269
21.162
20.295
20.029
19.8
16.505
13.497
11.475
10.421
9.907
9.848
9.885
11.158
13.361
14.098
13.591
14.13
15.062
15.728
16.879
17.807
19.115
19.964
21.474
22.536
22.418
21.119
20.369
19.912
17.108
14.012
12.141
11.112
10.676
10.185
10.376
11.645
13.567
14.11
14.041
14.505
15.346
16.304
17.33
18.706
20.49
21.989
22.903
23.774
23.581
22.668
22.195
21.898
18.814
15.478
13.447
12.154
11.447
11.002
10.977
11.689
13.355
14.204
14.16
14.454
14.765
14.403
14.054
14.071
13.869
13.956
14.526
14.884
15.096
15.257
15.5
15.448
13.936
12.459
11.038
10.31
9.853
9.818
9.695
9.924
10.839
12.139
13.712
15.037
15.645
15.786
15.612
15.749
15.705
16.448
16.997
17.092
16.842
16.778
16.643
16.809
15.625
13.76
11.771
10.583
10.073
9.768
9.618
9.625
10.141
11.777
14.156
15.44
15.946
16.398
16.77
17.225
17.263
17.4
18.016
18.492
18.466
18.187
18.174
18.199
16.127
13.607
11.779
10.994
10.629
10.152
10.268
11.57
13.143
13.613
13.738
14.527
15.294
16.058
17.119
18.619
19.622
20.99
22.493
23.129
23.177
22.428
21.487
21.118
18.275
15.209
13.011
11.76
11.156
10.81
10.959
11.846
13.383
14.336
14.524
15.047
15.996
17.247
18.932
20.67
21.641
21.847
21.53
22.107
21.998
21.186
21.25
20.917
18.199
15.195
13.032
11.825
11.457
10.988
11.043
11.894
13.35
14.526
15.288
16.484
18.548
20.258
21.811
23.348
24.667
25.962
27.086
27.364
27.002
25.37
24.261
23.577
20.664
17.089
14.905
13.502
12.772
12.352
12.494
13.173
14.651
15.868
16.909
18.592
20.654
22.365
24.286
25.898
24.899
21.937
22.912
23.172
22.709
22.162
22.266
21.32
18.86
16.061
14.207
12.984
12.331
11.847
11.779
12.207
13.582
14.702
16.252
17.293
19.322
20.985
22.761
24.847
26.404
27.504
28.215
28.079
27.157
23.362
22.157
21.502
18.922
17.311
15.037
13.584
12.649
11.928
11.491
11.327
12.141
13.197
14.494
15.334
16.181
16.373
16.087
16.488
17.075
17.724
18.182
18.701
18.656
18.403
17.968
17.487
16.02
14.192
12.437
11.275
10.702
10.222
10
9.832
10.33
11.555
14.296
15.794
16.243
16.27
16.401
16.294
16.496
16.656
16.781
17.221
17.573
17.742
18.014
17.713
16.068
14.158
12.717
11.773
11.049
10.957
11.002
12.402
13.747
14.461
15.117
15.821
16.504
17.022
18.542
19.738
20.69
22.206
23.481
23.715
24.052
23.337
22.781
22.219
19.443
16.61
14.397
13.318
12.643
12.259
12.186
12.968
14.403
15.392
15.96
16.987
18.6
20.212
21.055
20.832
20.868
21.454
22.173
22.396
22.489
22.038
21.668
21.328
18.959
16.443
14.497
13.227
12.738
12.452
12.372
13.171
14.988
15.759
16.338
17.511
18.742
20.052
21.357
23.302
24.685
24.974
24.918
26.279
26.158
25.223
24.558
24.611
21.889
18.455
15.778
14.561
13.684
13.09
12.946
13.744
15.381
16.057
17.244
19.353
21.679
23.742
26.135
28.002
28.626
28.752
29.278
29.97
30.192
29.326
28.014
27.41
24.58
20.656
17.936
16.249
14.96
14.193
13.869
14.319
15.661
17.305
19.454
21.465
23.166
24.314
25.997
27.43
26.563
26.842
27.892
27.926
27.648
26.626
25.32
24.829
22.591
19.73
17.136
15.417
14.168
13.381
13.074
13.07
13.524
15.803
19.188
22.066
23.797
25.465
26.528
26.533
26.888
26.679
26.888
26.367
25.91
24.962
22.948
22.393
20.47
17.483
14.517
13.263
12.067
11.207
10.978
10.61
10.662
12.843
15.833
17.978
18.65
19.038
19.741
20.243
20.788
21.793
22.795
22.985
22.568
21.345
19.899
19.52
17.22
14.227
12.132
11.073
10.544
10.298
10.485
11.42
12.673
13.272
13.795
14.368
15.292
16.181
16.874
17.622
17.332
17.926
17.979
18.428
18.79
18.815
18.979
19.078
17.096
14.414
12.589
11.773
11.171
11.007
11.217
12.415
13.779
14.431
14.952
16.372
18.104
19.848
21.723
23.527
24.626
25.029
26.022
27.636
27.657
26.697
25.765
25.318
21.538
18.43
15.847
14.236
13.281
12.444
12.427
13.211
14.586
15.498
16.347
17.021
17.767
18.29
18.577
18.524
18.02
18.549
19.364
20.392
20.562
20.058
19.726
19.742
17.865
15.132
13.251
12.273
11.673
11.336
11.418
12.334
13.988
15.07
16.244
17.634
19.126
20.522
21.883
23.341
24.27
25.486
26.831
27.35
27.195
25.979
24.162
23.725
20.585
17.003
14.495
13.211
12.227
11.691
11.663
12.394
14.112
14.97
15.351
15.996
16.402
16.504
17.3
18.086
18.73
19.46
20.4
20.788
20.456
19.778
19.355
19.083
17.241
14.754
12.895
11.744
11.149
10.804
10.67
11.153
12.064
13.635
15.271
16.861
17.714
18.873
20.569
22.062
23.303
23.678
24.274
24.672
24.054
22.274
20.587
19.832
17.68
14.823
12.228
10.77
10.094
9.686
9.5
9.559
9.998
11.872
14.111
15.479
15.848
17.08
18.212
18.608
18.722
19.558
20.076
20.79
20.344
19.263
18.558
18.503
17.022
14.616
12.303
11.198
10.656
10.397
10.463
11.453
12.74
13.685
13.984
15.035
16.013
17.494
19.21
20.47
21.213
22.243
22.687
23.167
22.871
22.541
21.812
21.461
18.658
15.532
13.237
11.926
11.329
10.92
10.88
11.659
13.18
13.824
14.241
15.616
17.376
18.741
20.141
21.369
22.601
23.465
24.015
25.024
24.568
23.633
22.494
21.864
19.168
15.621
13.237
11.955
11.428
11.074
11.096
11.748
13.355
13.953
13.745
15.052
16.922
18.818
20.975
22.414
23.988
25.65
26.823
27.885
27.348
26.286
25.122
23.226
19.755
16.498
14.271
12.788
11.97
11.559
11.366
12.135
13.657
14.536
15.143
16.521
18.518
20.414
22.301
23.612
24.681
26.118
27.014
27.617
27.41
26.512
25.599
25.247
22.309
19
16.183
14.372
13.36
12.626
12.476
13.173
14.591
16.007
17.291
19.409
21.449
23.549
25.518
26.991
28.17
29.414
30.507
31.463
30.905
29.875
28.476
27.37
24.072
20.012
16.961
14.872
13.368
12.482
12.04
11.857
12.48
14.653
17.711
20.654
23.374
25.273
26.746
28.159
29.333
30.322
30.865
30.611
29.663
28.067
26.411
25.115
22.822
20.502
17.399
15.117
13.948
13.239
12.749
12.833
13.247
15.078
18.577
21.635
23.592
25.538
27.425
28.896
30.005
30.589
31.118
29.875
28.201
25.765
23.632
21.67
21.046
19.395
16.237
14.04
12.691
12.002
11.784
11.777
12.154
14.097
17.358
21.311
24.428
27.193
28.691
30.648
31.724
32.183
32.957
33.436
32.944
31.076
29.062
28.112
24.954
20.834
17.688
15.837
14.691
13.62
13.254
13.952
15.491
17.09
19.176
21.885
23.856
25.886
27.219
28.749
29.981
31.401
32.329
33.211
33.357
31.768
29.996
29.043
25.62
21.496
18.385
16.354
15.117
14.364
13.944
14.475
16.043
17.005
18.174
19.942
22.618
23.174
24.992
26.971
28.172
27.776
27.984
29.287
29.835
28.989
27.232
26.063
22.785
18.652
15.715
14.124
13.077
12.39
12.385
13.155
14.675
16.228
18.114
20.261
22.393
24.418
26.065
27.346
28.064
28.976
30.047
31.185
31.136
29.382
27.299
25.894
22.869
19.107
16.106
14.312
13.101
12.388
12.267
12.998
14.657
15.97
17.897
20.46
22.834
24.483
26.196
27.861
29.09
30.515
31.869
32.239
31.902
30.831
29.461
28.352
24.88
21.261
18.215
16.228
14.712
13.647
13.163
13.146
13.795
15.659
18.458
21.596
24.049
26.356
28.078
29.137
29.237
27.162
23.087
22.363
22.127
21.013
20.495
20.367
18.629
16.018
13.773
12.438
11.525
11.129
10.967
11.095
11.673
13.54
16.092
18.696
21.136
23.353
25.542
26.812
27.816
28.641
29.669
30.44
29.946
28.423
26.933
26.068
23.541
20.563
17.827
15.909
14.895
14.056
13.93
14.382
15.901
16.764
18.201
20.353
22.894
24.635
25.907
26.582
27.362
29.064
30.18
30.789
30.332
27.341
26.411
25.326
22.19
18.942
16.497
14.807
14.011
13.548
13.617
14.186
15.477
17.017
18.906
20.268
22.849
25.167
26.743
27.967
29.139
30.411
31.733
32.518
32.256
30.611
28.925
28.149
24.57
20.452
17.414
15.389
14.453
13.927
13.697
14.368
15.955
17.116
18.599
21.147
23.821
25.736
27.48
28.968
29.84
30.548
30.995
31.692
31.327
29.649
27.148
26.032
22.761
19.013
16.411
14.725
13.635
12.978
12.863
13.598
14.962
16.046
17.498
18.703
19.926
20.767
21.95
23.016
23.704
24.667
25.56
26.329
26.233
24.627
23.116
22.58
19.414
16.296
13.855
12.449
11.595
11.281
11.261
11.86
13.352
14.397
15.403
16.819
18.352
19.854
21.163
22.78
24.158
25.391
26.628
27.488
27.078
25.308
23.641
22.78
19.869
16.723
14.274
12.6
11.645
10.999
10.841
10.885
11.451
12.953
15.185
17.047
18.697
19.89
20.953
22.466
24.192
24.963
25.205
24.892
23.693
21.673
20.337
19.298
17.574
15.162
13.174
11.908
11.246
10.877
10.727
10.849
11.6
13.661
16.079
17.994
18.432
19.161
20.068
21.068
21.953
23.523
24.764
25.399
24.507
23.559
21.898
21.507
19.209
16.398
13.941
12.594
11.963
11.386
11.496
12.505
14.073
14.815
15.823
17.126
18.671
20.308
21.998
23.597
25.127
26.368
27.418
28.078
27.822
26.319
24.79
23.336
19.816
16.657
14.226
12.852
11.924
11.381
11.375
12.004
13.457
14.418
15.471
16.97
18.706
20.915
22.401
23.957
24.948
26.304
27.632
28.633
28.582
26.785
24.748
23.928
20.591
16.982
14.233
12.8
11.92
11.263
11.276
12.063
13.621
14.598
15.272
16.939
19.284
21.505
23.628
25.359
26.866
28.803
30.03
31.054
30.949
28.781
27.218
26.156
22.403
18.385
15.342
13.834
12.817
12.174
12.152
13.018
14.583
15.727
17.074
19.238
22.208
24.34
25.104
25.421
25.362
23.988
22.851
22.572
22.356
21.655
21.1
20.557
18.547
16.274
14.221
13.109
12.478
12.113
12.043
13.017
14.72
15.967
17.839
20.023
21.774
23.022
24.82
26.527
27.922
29.39
30.865
31.632
31.154
27.847
25.328
24.875
21.804
18.702
15.94
14.314
13.178
12.232
12.041
12.043
13.079
14.61
17.313
20.009
22.563
23.927
24.294
24.983
24.974
25.644
26.766
27.705
27.249
25.389
23.394
22.554
20.108
17.345
14.433
12.827
12.014
11.493
11.357
11.326
12.002
13.658
16.528
18.501
19.472
20.453
21.61
22.313
22.281
22.319
22.179
21.646
20.947
20.274
19.892
19.569
17.949
15.658
13.615
12.543
12.265
12.05
12.121
13.073
14.851
15.866
16.314
16.839
17.697
18.152
18.693
19.487
19.682
19.961
21.466
22.87
23.483
23.079
22.789
22.573
19.887
16.886
14.724
13.498
11.962
12.435
12.46
13.469
15.267
15.971
16.447
17.535
18.647
19.758
21.034
22.701
23.398
23.021
22.827
23.538
23.654
23.361
23.143
22.147
19.485
16.589
14.529
13.241
12.811
12.424
12.679
13.525
15.258
16.072
16.911
18.091
20.319
21.741
23.17
24.475
25.27
26.507
27.948
28.775
28.568
26.848
25.114
23.913
20.307
16.767
14.179
12.589
11.722
11.279
11.249
12.158
13.629
14.16
14.975
15.854
16.834
17.809
18.956
19.783
20.427
21.472
23.098
24.762
25.332
24.091
21.767
22.297
19.794
16.837
14.869
13.71
13.018
12.663
12.632
13.546
15.244
16.299
17.436
18.93
20.405
21.639
23.583
25.115
26.571
27.707
28.68
29.017
28.535
27.187
25.512
24.879
22.453
19.689
16.665
14.912
13.93
13.248
13.051
12.945
13.685
15.777
18.097
20.505
23.364
25.238
26.741
28.349
29.368
30.608
31.766
32.07
31.719
30.155
28.515
27.02
24.336
21.015
18.608
16.493
15.103
14.351
13.889
13.668
14.074
16.266
20.156
23.515
25.473
26.538
28.012
29.451
30.873
31.605
32.024
31.921
31.328
29.744
28.502
26.346
23.349
20.501
17.782
16.072
14.507
13.116
13.837
14.678
15.986
16.538
17.025
18.229
19.428
20.264
21.966
24.22
26.11
27.398
28.559
29.649
29.444
28.136
26.819
24.86
21.422
18.378
16.072
14.745
13.914
13.343
13.342
14.22
15.62
16.466
17.762
19.61
21.696
23.677
25.595
26.796
27.967
29.601
30.553
31.386
30.591
28.591
27.499
26.219
22.557
19.176
16.499
14.979
13.936
12.909
12.942
13.587
14.876
15.971
17.574
19.905
22.372
24.606
26.864
28.828
30.461
31.562
32.409
32.792
31.951
30.638
29.744
28.425
24.577
21.003
18.264
16.432
15.412
14.74
14.661
15.224
16.381
17.137
17.951
19.007
19.195
19.172
18.879
18.938
18.482
18.573
19.338
19.996
19.946
19.093
18.857
18.665
16.905
14.85
12.95
11.878
11.12
10.843
10.925
11.758
13.301
14.159
15.116
15.795
16.222
16.416
16.762
16.95
17.357
17.749
18.548
19.211
19.174
18.261
17.795
17.457
15.541
13.576
11.693
10.417
10.018
9.839
9.829
10.173
11.256
12.529
14.44
15.387
15.634
15.81
16.416
17.271
18.055
18.964
19.999
20.609
20.904
19.556
18.939
18.238
16.169
13.781
11.821
10.375
9.713
9.469
9.379
9.431
9.893
11.622
14.398
16.019
16.986
17.6
18.21
19.438
20.474
21.287
22.116
22.647
22.322
21.412
20.902
19.878
17.464
14.684
12.633
11.517
10.828
10.671
10.89
11.835
13.107
13.79
14.676
16.016
17.513
18.783
20.151
20.696
23.208
24.252
25.288
26.288
26.01
24.705
23.858
22.904
19.368
16.093
13.873
12.545
11.548
11.141
11.291
12.273
13.528
14.004
14.964
16.092
17.972
19.812
21.813
23.47
24.511
25.514
26.397
26.874
26.852
25.391
24.581
23.688
20.425
17.142
14.503
13.231
12.339
11.761
11.721
12.728
14.305
14.926
15.655
17.159
19.052
20.784
22.576
24.269
25.347
24.542
24.944
25.151
25.015
23.583
22.985
22.213
19.079
16.017
14.113
12.873
11.983
11.628
11.647
12.781
14.152
15.073
15.659
16.445
16.99
17.753
18.779
18.287
16.762
17.475
17.848
18.365
18.294
18.809
19.132
18.801
17.061
14.804
12.949
12.071
11.495
11.215
11.283
12.082
13.597
14.379
15.101
16.587
17.714
18.618
19.162
19.153
19.028
19.777
20.433
21.135
20.903
19.825
19.531
19.214
17.292
15.035
13.215
11.974
11.219
10.722
10.606
10.777
11.556
12.925
14.851
16.129
16.873
17.025
16.487
16.223
15.799
15.729
15.756
16.167
16.332
16.49
16.819
16.17
14.805
12.923
11.215
10.246
9.851
9.605
9.538
9.484
9.979
11.468
14.195
15.893
16.404
17.007
17.351
18.055
18.2
18.617
18.768
18.944
18.721
18.357
18.719
18.121
16.307
14.052
12.163
11.174
10.739
10.602
10.704
11.548
13.127
13.704
14.421
15.644
16.831
17.714
19.174
20.607
21.853
22.488
22.855
23.475
23.767
22.824
22.523
21.37
18.255
15.482
13.437
12.265
11.632
11.18
11.32
12.22
13.724
14.343
14.564
15.23
15.732
15.775
16.585
17.848
19.41
21.133
22.435
23.276
22.916
21.569
21.508
20.796
17.907
15.384
13.378
12.404
11.883
11.394
11.475
12.304
13.724
14.464
15.04
16.278
17.463
19.222
20.987
22.575
23.926
25.46
26.495
27.589
27.355
25.881
25.16
23.85
20.626
17.596
15.132
13.567
12.793
12.376
12.269
13.019
14.599
15.203
16.121
17.079
19.246
21.596
23.934
26.195
27.931
29.022
29.916
29.979
29.474
28.174
27.685
26.092
22.717
19.566
17.058
15.515
14.191
13.372
13.268
13.951
15.413
16.141
17.305
19.115
21.71
24.062
26.377
28.14
29.133
29.395
29.751
29.508
28.352
27.199
26.933
25.356
22.56
19.972
17.56
15.838
14.598
13.956
13.607
13.944
14.735
16.046
17.756
19.203
20.341
22.612
24.583
26.196
26.249
24.539
23.628
23.047
22.878
21.975
22.043
20.777
18.673
16.269
13.989
12.408
11.363
10.566
10.389
10.464
11.101
12.533
15.248
17.342
18.775
19.474
20.228
20.809
21.493
22.134
23.082
23.233
22.269
20.87
20.595
19.13
16.929
14.683
12.565
11.354
10.81
10.47
10.707
11.897
13.134
13.641
14.146
15.309
16.677
18.207
20.003
22.122
23.457
24.565
25.561
26.737
26.615
25.063
24.599
22.289
18.899
15.993
13.963
12.499
11.856
11.221
11.332
12.028
13.771
14.359
14.806
16.126
18.002
19.573
21.489
23.506
24.842
25.908
26.934
27.201
26.817
25.328
24.598
22.378
19.095
16.231
13.957
12.495
11.71
11.255
11.265
12.205
14.196
14.694
14.667
15.061
15.79
16.764
18.017
19.53
20.677
22.07
23.613
24.348
23.805
22.336
22.226
20.571
17.445
14.391
12.553
11.46
10.939
10.482
10.622
11.738
13.781
14.142
14.245
14.924
15.554
16.335
17.41
19.175
20.504
22.153
23.523
24.465
24.216
22.911
22.843
20.928
17.669
14.966
13.065
11.9
11.282
11.026
11.055
11.73
13.354
13.911
14.65
15.701
17.247
19.042
21.162
22.877
24.518
26.235
27.19
27.751
27.33
25.885
25.559
23.463
20.57
17.457
15.13
13.718
12.868
12.164
11.734
11.882
12.622
14.034
16.839
19.327
22.235
24.488
26.464
28.478
29.894
30.456
29.294
27.5
26.203
24.327
23.434
21.503
19.289
16.867
14.448
12.893
11.998
11.593
11.267
11.255
11.638
13.268
16.201
19.018
21.239
22.818
23.802
24.437
24.799
24.908
25.01
24.821
24.355
24.171
24.01
22
19.371
16.382
14.566
13.591
12.878
12.504
12.48
13.782
16.634
16.995
16.479
16.632
16.904
17.373
18.45
19.657
20.44
21.203
22.65
23.774
24.069
23.886
24.22
22.264
19.08
16.517
14.36
13.113
12.22
11.869
12.003
13.09
15.752
16.062
15.9
16.727
17.78
19.544
21.387
23.375
24.366
25.128
26.417
27.442
27.123
25.909
25.519
22.936
19.304
16.176
13.852
12.762
11.861
11.673
11.94
13.1
15.657
16.155
15.533
16.196
16.825
18.084
19.837
21.658
22.585
23.826
25.02
25.944
25.164
23.869
23.88
21.837
18.193
15.198
13.368
12.255
11.457
10.954
11.065
12.179
14.711
15.077
14.819
15.58
16.635
17.692
19.143
19.766
20.109
20.527
20.738
21.211
21.688
21.321
21.389
19.957
16.969
14.302
12.569
11.422
10.886
10.644
10.761
12.007
14.495
14.761
14.86
15.631
16.445
16.943
17.952
19.043
19.625
20.512
21.743
22.446
22.081
20.782
20.881
19.446
16.913
14.661
12.58
11.434
10.606
10.504
10.589
10.806
11.588
12.993
15.234
17.228
18.316
19.28
20.585
21.826
23.06
23.839
24.257
24.915
24.788
23.506
23.302
21.234
18.519
15.532
13.203
11.705
10.918
10.418
10.188
10.333
10.876
12.815
15.69
18.182
19.382
20.326
21.131
22.071
22.866
23.677
24.35
24.693
24.217
23.169
23.157
21.342
18.976
16.507
14.305
12.781
11.854
11.397
11.209
11.386
11.89
13.056
15.57
17.856
18.978
18.931
18.124
17.315
16.594
16.602
16.425
16.964
17.298
17.96
18.534
17.26
15.358
13.474
12.044
11.356
11.015
10.947
11.036
12.448
15.225
15.715
15.53
15.899
16.019
15.767
15.803
16.208
16.355
17.014
17.931
18.885
19.583
20.033
20.748
19.109
16.917
14.759
13.124
12.088
12.135
12.028
12.17
13.509
16.036
16.56
15.984
16.229
16.434
16.397
16.837
17.022
16.8
17.281
16.704
17.623
19.346
20.406
20.677
19.372
16.961
14.785
13.289
12.431
12.152
11.925
11.959
13.399
15.699
15.932
15.858
16.539
17.25
17.457
18.022
18.843
19.738
20.823
21.427
22.074
21.508
20.709
21.117
19.128
16.156
13.525
11.894
11.109
10.45
10.328
10.471
11.603
13.861
14.445
13.987
14.325
14.924
15.512
17.05
18.109
19.038
20.643
22.019
22.317
21.325
20.032
20.299
18.447
16.447
14.126
12.394
11.277
10.637
10.235
10.178
10.517
11.368
12.726
14.234
15.265
15.896
16.503
17.728
18.858
19.988
21.241
22.371
22.765
21.785
20.416
20.355
18.311
16.144
14.194
12.335
11.029
10.431
10.208
10.048
10.074
10.61
12.049
14.577
15.973
16.235
17.153
18.677
20.366
21.659
21.982
22.379
22.583
21.749
21.045
21.065
19.081
16.743
14.368
12.41
11.573
11.073
10.926
10.967
11.915
14.619
14.955
14.199
14.411
14.678
15.282
15.948
17.016
18.19
19.852
21.248
21.417
20.934
21.193
21.685
19.75
16.695
13.749
12.201
11.377
11.057
10.837
11.04
12.207
14.829
15.344
14.043
13.989
14.465
15.068
15.682
16.418
16.232
16.783
17.77
18.396
18.386
19.04
19.932
18.511
15.706
13.427
11.787
11.037
10.764
10.347
10.697
11.877
14.336
14.792
13.869
13.866
14.306
14.499
14.92
15.497
15.517
16.943
18.283
19.13
19.001
19.18
19.889
18.211
15.555
13.194
11.842
11.068
10.609
10.441
10.579
11.82
14.254
15.021
14.341
14.392
14.657
14.923
14.885
15.037
15.685
16.385
17.285
18.269
18.519
19.318
19.662
18.525
16.09
13.885
12.432
11.782
11.421
11.369
11.715
12.951
15.753
16.59
16.204
16.345
16.496
17.036
17.001
16.573
15.315
15.844
16.96
17.646
18.082
18.616
17.869
16.671
15.117
13.5
11.859
10.904
10.221
9.824
9.801
10.093
10.845
12.097
13.694
14.727
15.838
16.18
15.654
15.795
15.63
15.747
16.106
16.323
15.944
15.918
16.139
14.662
13.119
11.559
10.259
9.302
9.026
8.84
8.774
9.103
9.909
11.534
13.766
14.851
14.584
14.361
14.454
14.604
14.861
15.272
15.635
16.085
16.042
16.591
16.844
15.017
13.196
11.428
10.445
9.983
9.659
9.663
10.015
11.633
14.453
14.96
13.956
13.742
13.353
13.069
12.676
13.107
13.305
13.595
14.362
15.203
15.501
16.739
17.103
15.472
13.348
11.716
10.415
9.926
9.836
9.858
10.214
11.894
14.863
15.162
13.926
13.547
13.237
13.238
13.158
13.452
13.88
14.88
15.847
16.8
16.906
17.804
18.167
16.38
13.699
11.951
10.636
10.046
9.872
9.88
10.003
11.62
14.592
14.775
13.591
13.41
13.81
14.047
14.931
16.019
17.217
18.955
20.82
21.962
21.94
21.578
21.204
19.205
15.812
13.552
11.853
10.91
10.413
10.186
10.393
11.808
14.543
14.785
13.922
14.052
15.046
15.768
16.713
17.867
19.151
20.054
21.206
21.594
21.075
21.367
20.449
18.164
15.777
13.359
11.715
10.903
10.544
10.329
10.485
11.71
13.943
14.822
13.97
13.951
14.283
14.85
15.815
16.746
17.489
18.242
19.315
19.648
19.495
19.155
18.703
17.195
15.258
13.222
11.643
10.721
10.235
9.926
9.827
10.194
11.3
12.888
14.459
15.488
15.801
15.961
16.413
17.185
18.28
19.386
20.15
20.068
19.248
18.952
18.635
16.685
14.437
12.627
10.949
10.044
9.674
9.41
9.389
9.514
10.134
11.898
14.76
16.04
16.165
16.807
17.266
17.636
18.224
18.808
19.41
19.404
18.912
19.293
19.046
17.109
15.26
13.378
11.959
11.138
10.587
10.358
10.635
11.85
14.514
14.961
14.049
14.035
13.912
14.067
14.154
13.975
13.932
13.198
14.163
15.904
16.813
17.866
17.302
15.727
14.066
12.013
10.871
10.467
10.127
10.141
10.424
11.802
14.502
15.523
14.985
15.004
15.195
15.076
14.962
15.147
15.287
15.279
16.133
17.042
17.426
18.394
18.815
17.403
15.023
13.04
11.499
10.706
10.204
10.167
10.061
11.425
13.792
14.458
13.545
13.445
14.04
14.624
15.058
16.044
16.818
17.699
18.504
18.74
18.464
18.926
18.706
17.38
15.005
12.805
11.088
10.406
9.988
9.926
10.104
11.385
14.19
14.802
13.594
13.284
13.392
13.671
14.357
15.061
15.145
15.751
16.88
17.497
17.692
18.522
18.487
17.125
15.079
12.879
11.135
10.221
9.91
9.869
10.011
11.21
13.918
14.582
13.725
13.405
13.23
13.217
13.101
13.172
13.255
13.366
14.241
14.714
15.358
16.266
16.372
15.698
13.945
12.395
11.053
10.275
9.875
9.768
9.601
10.087
11.168
12.36
14.08
14.941
15.766
16.592
17.441
17.86
17.663
17.161
17.535
17.368
17.093
17.555
17.231
15.836
14.161
12.351
10.837
9.928
9.412
9.215
9.193
9.482
10.137
11.648
14.079
15.136
15.154
15.212
15.235
15.084
14.692
14.676
14.969
15.385
16.055
17.213
17.077
15.317
13.875
12.153
10.878
10.296
9.935
10.005
10.197
11.485
14.034
14.586
13.596
13.817
14.064
14.115
14.237
14.66
14.925
15.669
16.788
17.557
17.297
18.147
17.96
16.285
14.082
12.016
10.713
10.163
9.934
9.936
10.26
11.664
14.457
14.731
13.875
13.582
13.425
13.042
12.748
12.749
12.854
13.28
14.11
15.037
15.399
17.052
17.184
15.725
13.659
12.032
10.903
10.376
10.162
10.182
10.559
12.31
15.277
16.054
14.712
13.918
13.566
13.022
12.711
12.393
12.316
12.887
13.887
14.882
15.385
16.851
16.919
15.774
14.029
12.267
11.073
10.614
10.279
10.509
11.104
12.935
15.934
16.594
15.292
14.341
13.843
13.335
13.053
13.114
13.068
13.604
14.553
15.136
15.277
17.268
17.206
15.865
13.938
12.221
10.891
10.242
10.405
10.356
10.873
12.709
15.769
16.649
15.454
14.69
14.193
13.686
13.302
13.261
13.345
13.778
14.697
15.243
15.205
16.311
16.072
14.902
13.244
12.015
10.779
10.182
9.823
9.816
10.062
10.485
11.814
13.475
15.166
15.603
14.94
14.361
14.154
13.817
13.409
13.772
14.25
14.908
15.516
16.272
15.793
14.601
13.093
11.531
10.275
9.401
9.087
8.982
8.951
9.168
9.987
11.793
14.448
15.627
15.327
15.087
15.212
15.679
15.668
15.843
15.932
16.277
16.45
17.403
16.61
14.82
13.415
11.621
10.331
9.919
9.796
9.837
10.493
12.248
15.276
16.223
15.275
14.862
14.141
13.764
13.31
13.349
13.303
13.609
13.938
14.922
15.849
17.345
17.27
15.877
13.714
11.949
10.791
10.355
10.282
10.514
11.114
13.335
16.464
16.985
15.068
14.395
13.672
13.257
12.938
12.894
12.634
13.235
14.131
14.89
15.449
17.043
16.748
15.818
13.58
11.565
10.365
9.941
9.781
9.969
10.549
11.716
13.857
15.399
14.157
14.089
14.419
14.14
13.766
13.645
13.391
13.957
15.239
17.044
18.305
18.409
17.835
16.777
14.692
12.758
11.487
11.021
10.883
10.953
11.279
12.939
15.658
16.017
14.685
14.014
13.528
13.108
12.878
12.923
12.725
12.845
13.656
14.884
16.002
17.231
16.71
15.651
13.833
11.975
10.652
10.118
9.92
9.989
10.373
11.903
14.903
15.752
14.643
14.186
14.354
13.791
13.112
13.04
12.709
12.824
13.153
14.127
15.503
16.686
16.1
15.391
14.176
13.011
11.852
11.415
11.248
11.38
11.589
12.362
13.825
15.712
17.167
17.459
17.416
16.908
15.637
14.635
13.519
13.561
13.757
14.355
15.587
17.172
16.754
16.047
14.845
13.689
12.798
12.195
11.995
12.233
12.434
13.003
14.329
16.537
18.515
18.254
16.925
15.62
14.841
14.113
13.736
13.376
13.037
13.762
14.771
16.661
16.605
15.613
14.284
12.951
12.143
11.909
12.079
12.341
13.167
15.703
18.893
19.176
17.573
16.902
16.489
15.481
14.365
13.92
13.247
13.279
14.255
15.707
17.217
18.059
17.698
16.382
14.461
12.553
11.521
11.106
10.938
10.838
11.225
12.788
15.621
16.074
14.691
14.45
14.217
13.549
13.595
13.406
12.891
13.322
13.75
14.907
16.399
17.451
16.785
15.304
13.505
12.022
10.76
10.207
9.941
10.049
10.406
12.114
14.925
15.521
14.31
14.172
14.252
13.995
13.545
13.229
13.113
13.056
14.277
15.551
17.106
17.608
17.285
16.321
14.251
12.643
11.377
10.843
10.661
10.617
11.062
12.9
15.549
16.297
15.231
15.088
14.764
14.707
14.157
13.918
13.555
13.362
14.403
15.57
17.046
17.891
17.665
16.301
14.415
12.819
11.454
10.971
10.831
10.944
11.27
12.714
15.567
16.186
15.28
15.278
15.12
14.418
14.416
14.13
13.802
13.91
14.713
15.941
16.948
17.287
16.973
16.094
14.653
13.264
12.154
11.471
11.16
11.13
11.39
11.977
13.321
14.88
16.583
17.491
17.491
16.817
16.359
15.548
15.037
15.167
15.834
16.289
17.341
17.493
17.026
15.982
14.595
12.947
11.716
11.095
10.765
10.873
10.925
11.474
12.511
14.435
16.864
17.783
17.386
16.898
16.615
15.777
15.203
14.734
14.775
15.162
16.246
16.894
16.429
15.379
14.163
12.704
11.588
11.104
10.97
10.985
11.409
13.047
15.779
16.293
15.062
14.734
14.534
14.035
13.384
13.011
13.046
13.166
13.845
14.389
15.738
17.291
17.047
15.815
13.952
11.881
10.723
10.16
10.043
10.004
10.65
12.139
14.798
15.733
14.409
13.927
13.818
13.31
12.702
12.397
12.483
13.233
13.784
14.652
15.918
17.243
17.073
15.89
13.738
12.01
10.877
10.551
10.457
10.565
11.107
12.899
15.736
16.604
15.425
15.225
14.987
14.767
14.138
14.181
13.854
14.26
15.746
17.352
18.301
18.31
17.875
16.747
14.798
13.128
11.916
11.416
11.295
11.25
11.728
13.312
16.03
16.999
15.824
15.713
15.531
15.245
14.575
14.232
13.962
14.099
14.69
15.855
17.519
18.251
17.636
16.498
14.801
13.255
11.852
11.259
11.06
11.072
11.481
12.798
15.947
16.682
15.644
15.179
14.705
14.536
14.063
13.426
12.945
12.595
13.081
13.754
15.034
15.847
15.421
14.61
13.428
12.051
10.879
9.977
9.629
9.495
9.643
10.244
11.2
12.268
13.818
14.84
14.879
14.354
14.399
14.385
14.603
15.097
15.198
15.204
15.766
16.229
15.792
14.788
13.409
11.972
10.58
9.358
8.889
8.688
8.825
9.126
10.654
12.924
14.649
15.25
14.862
14.424
14.139
14.2
14.291
14.572
14.445
15.121
15.307
14.744
14.521
13.666
12.682
11.141
9.989
9.577
9.286
9.258
9.792
11.629
14.306
14.412
13.025
12.898
13.139
13.287
13.823
14.255
14.394
14.734
15.367
16.834
18.332
17.943
17.108
15.494
13.413
11.8
10.593
9.942
9.774
9.669
10.027
11.737
13.576
13.98
13.84
13.207
12.929
14.257
14.563
14.681
14.461
14.643
15.073
16.606
18.161
17.918
17.345
16
14.086
12.392
11.22
10.623
10.335
10.114
10.396
11.961
14.321
14.773
13.535
13.279
13.433
13.436
14.032
13.828
13.401
13.619
14.577
16.631
17.565
17.224
16.162
14.688
13.112
11.244
10.287
9.803
9.704
9.749
10.424
12.287
15.343
16.269
15.694
15.357
15.451
15.074
15.383
15.327
14.922
15.515
16.753
18.6
20.282
20.105
19.081
17.641
15.786
14.373
13.137
12.784
12.923
13.075
14.006
16
19.159
18.966
17.278
15.804
14.706
13.78
13.072
12.889
12.591
12.933
13.737
15.937
17.822
17.886
17.774
16.932
15.809
14.778
14.171
14.027
14.195
14.447
15.031
16.229
18.031
19.745
19.293
17.752
16.319
15.086
14.274
13.737
13.496
13.395
14.03
15.602
16.73
16.213
15.843
15.023
14.004
12.884
12.165
11.986
12.178
12.455
13.003
13.608
14.909
16.982
17.592
16.416
15.275
14.265
13.773
13.427
13.382
13.192
13.496
15.147
16.127
16.17
15.521
14.059
12.97
11.627
10.962
10.687
10.607
10.76
11.411
13.541
16.601
16.36
13.736
13.31
13.457
13.21
13.061
13.059
12.533
13.233
14.698
17.112
19.032
19.483
19.302
18.688
17.093
15.655
15.113
15.31
15.7
16.357
17.626
20.072
23.376
23.058
19.702
17.348
15.87
14.777
13.711
13.069
12.754
13.223
14.389
17.594
19.944
20.53
20.74
19.743
18.166
17.223
16.864
17.149
17.564
18.191
19.358
21.893
25.387
24.781
21.206
18.485
16.66
15.199
14.247
13.631
12.988
13.446
15.423
18.37
19.917
20.025
19.696
18.937
17.496
16.286
15.349
15.42
15.57
15.891
17.02
19.209
22.324
22.384
20.112
19.219
18.318
16.952
15.732
15.155
14.591
14.885
16.391
18.848
20.147
19.946
19.309
18.242
16.25
14.585
12.597
12.266
12.115
12.126
12.723
14.496
17.862
18.294
17.186
17.316
17.234
16.775
16.281
16.065
15.932
16.665
17.639
19.042
19.438
19.024
18.74
17.792
15.841
14.35
13.449
12.923
12.821
13.003
13.352
14.49
15.612
17.678
18.652
18.201
17.4
16.632
15.994
14.86
14.376
14.441
15.338
17.611
18.802
18.991
18.781
18.358
17.696
16.712
16.275
16.423
16.736
17.33
18.17
19.129
21.074
23.561
23.857
21.399
19.117
17.754
16.822
15.805
14.756
14.721
15.677
18.722
20.271
20.453
20.568
19.737
18.52
17.934
17.551
17.673
18.051
18.491
19.361
21.678
24.787
25.083
22.094
19.61
17.353
15.871
15.129
14.575
14.078
14.023
15.67
18.644
20.591
20.957
20.797
19.566
17.526
16.265
15.09
14.88
15.174
15.495
16.324
18.453
21.723
21.928
19.996
19.525
19.008
17.745
16.839
16.51
15.925
16.332
17.444
19.969
20.827
21.111
20.53
19.266
17.112
15.008
13.807
13.495
13.484
13.596
14.664
16.942
20.396
20.657
18.304
13.993
12.727
13.449
12.889
12.716
12.388
12.35
13.607
16.344
17.839
18.045
17.46
16.385
14.365
12.818
11.69
11.376
11.29
11.389
12.078
14.027
16.864
17.207
15.765
14.991
13.801
13.363
13.132
12.874
12.755
12.772
13.883
16.168
17.34
17.553
16.866
15.712
13.631
12.048
10.637
9.904
10.193
10.255
10.672
12.241
15.51
15.708
14.597
14.405
13.837
13.077
12.97
12.897
12.402
12.68
13.674
15.195
16.264
16.072
15.628
14.786
13.151
11.84
10.875
10.415
10.366
10.323
10.576
11.435
12.576
14.28
16.069
16.697
16.847
16.195
15.939
15.156
14.794
14.852
15.756
16.962
17.086
16.675
16.016
14.882
13.461
12.028
11.121
10.297
10.214
10.337
10.692
11.13
12.41
14.832
16.584
16.494
15.459
14.685
14.311
13.852
13.43
13.472
14.098
16.391
16.94
16.715
15.991
14.575
13.603
12.59
11.59
11.077
10.832
10.944
11.54
13.159
16.071
16.893
15.856
15.802
15.585
15.029
14.465
14.098
13.998
14.184
15.396
17.692
18.926
18.756
18.276
16.844
14.858
13.024
11.795
11.33
11.174
11.325
11.782
13.528
16.423
17.074
16.257
16.353
16.217
15.873
15.505
15.57
15.24
15.89
17.14
18.847
19.369
19.384
18.82
17.809
15.957
13.99
12.703
12.344
12.185
12.129
12.612
14.195
17.172
18.182
17.802
17.858
17.833
17.379
16.769
16.572
16.698
16.974
17.66
19.185
19.279
18.882
18.058
16.566
14.646
13.037
11.454
10.497
10.012
9.995
10.235
10.923
12.002
14.243
17.39
20.166
21.038
20.776
19.253
17.62
17.007
17.683
18.283
19.792
20.336
20.792
20.987
20.975
19.946
18.934
18.199
18.226
18.438
19.121
20.392
21.503
22.977
24.167
23.018
21.614
20.234
18.054
16.452
15.015
14.393
14.729
16.13
19.643
21.403
21.451
21.371
20.888
19.978
19.217
18.648
18.825
19.279
19.67
20.689
22.017
23.908
25.613
25.878
23.71
21.31
19.132
17.206
15.659
15.478
16.108
17.75
19.56
20.237
20.065
19.401
18.382
17.314
16.005
14.635
13.98
13.844
13.762
14.028
14.706
16.114
18.328
19.312
18.491
16.929
15.827
15.283
14.933
14.604
14.593
15.578
18.731
20.233
20.522
20.475
19.674
18.727
18.056
17.495
17.567
17.689
17.837
18.531
20.379
23.392
23.57
20.952
18.772
16.948
15.726
14.581
14.371
13.871
14.228
15.824
19.347
21.069
21.383
21.074
19.565
17.335
15.851
15.13
14.797
14.897
15.1
15.846
17.595
20.543
20.39
18.729
18.369
17.821
16.428
15.411
15.3
15.374
16.031
17.458
20.151
21.027
21.024
20.545
19.212
17.204
15.427
14.165
13.592
13.576
13.697
14.099
15.523
17.928
18.205
17.158
16.281
15.791
15.531
14.982
14.737
14.32
14.825
16.822
20.601
21.956
22.604
22.152
21.798
19.862
18.125
17.343
17.389
17.656
18.347
19.486
21.967
25.919
26.083
22.945
19.731
17.329
16.128
14.785
13.895
13.216
13.254
15.056
19.116
21.063
21.96
21.972
21.167
19.695
18.086
17.222
16.988
17.172
17.399
18.253
20.441
23.68
23.674
20.539
18.317
16.857
16.01
15.029
14.285
13.729
13.899
15.717
18.936
20.629
21.137
21.703
21.232
20.322
19.099
18.221
18.336
18.763
19.318
20.406
22.025
24.542
26.837
26.367
23.371
20.373
18.122
16.676
15.594
14.976
15.37
16.6
19.23
20.288
20.671
20.666
19.87
18.456
17.425
16.907
16.626
16.82
17.294
18.005
18.825
20.406
22.488
23.504
22.067
19.305
16.904
15.587
14.572
14.148
14.094
15.218
18.613
19.446
19.629
19.482
18.323
16.876
15.533
14.379
14.205
14.208
14.348
15.178
16.926
19.991
20.556
19.213
18.954
18.557
17.504
16.636
16.035
16.017
16.829
18.667
20.761
21.314
20.961
20.344
19.204
16.931
14.832
13.394
13.019
12.887
12.866
13.522
15.258
18.223
18.766
17.442
16.921
16.394
15.533
15.319
14.786
14.621
14.539
15.724
17.842
18.988
18.889
18.2
16.895
14.697
12.755
11.627
11.311
11.231
11.554
12.321
14.489
17.667
18.205
16.353
14.992
14.127
13.066
12.528
12.658
12.363
12.698
14.048
17.435
18.774
19.259
19.117
19.038
17.451
15.845
15.062
15.052
15.196
15.561
16.568
18.751
21.841
21.816
20.193
19.437
19.183
18.98
18.406
18.333
18.523
19.222
20.767
22.597
22.817
22.303
21.61
20.595
18.564
16.223
15.069
14.437
13.579
14.574
14.972
16.769
19.686
20.276
19.178
18.651
18.256
17.382
16.773
16.102
15.822
16.248
17.219
19.847
20.136
19.881
19.376
18.998
17.676
16.283
15.071
14.43
14.155
13.966
14.386
15.121
16.683
18.289
19.782
19.315
18.168
16.877
16.138
15.934
16.137
16.528
18.314
21.151
21.539
21.33
21.496
20.688
19.304
18.055
16.816
16.365
16.199
16.336
16.624
17.292
19.003
21.073
23.11
21.755
20.82
19.761
18.349
17.642
17.591
17.976
19.58
21.978
22.117
21.885
21.82
20.659
19.279
17.541
16.07
15.518
15.411
15.482
16.346
18.442
21.942
22.092
20.074
19.098
18.681
17.787
17.191
16.761
16.68
17.856
20.775
24.733
26.453
26.179
25.833
24.838
23.219
21.688
21.166
21.376
21.764
22.199
23.447
26.067
29.216
29.244
26.205
24.054
22.363
21.259
20.636
20.116
20.149
20.356
23.874
28.68
30.524
30.523
30.339
29.164
27.033
25.563
24.888
24.903
25.304
25.784
27.231
29.853
33.362
33.078
30.046
26.8
24.339
22.023
20.264
18.815
18.356
18.893
21.145
25.807
28.402
29.086
29.333
28.444
26.745
25.672
25.062
25.371
25.882
26.597
27.856
30.388
33.957
33.869
30.34
26.293
23.081
20.024
17.809
15.976
15.419
15.684
17.315
21.619
23.499
24.442
24.681
24.037
22.403
20.421
19.244
18.683
18.738
19.655
20.387
22.554
25.448
25.998
23.519
20.756
18.781
16.624
15.698
15.049
14.514
14.463
16.05
19.88
21.681
22.873
23.343
22.705
21.811
20.999
20.566
20.651
21.14
21.735
22.57
23.994
25.499
27.68
28.242
25.213
22.468
20.063
18.135
16.437
15.757
16.041
17.741
20.988
22.188
22.71
23.119
22.963
22.527
21.509
21.068
20.984
21.48
21.787
22.571
23.012
23.641
25.458
26.933
26.121
23.393
21.203
20.322
19.549
19.318
19.766
21.667
25.674
27.591
28.802
29.648
30.433
31.342
31.719
32.745
34.176
35.464
37.03
38.978
41.786
44.869
43.967
43.264
40.144
36.541
33.043
30.742
28.642
26.908
26.761
28.772
32.982
34.608
35.332
35.273
33.705
31.869
30.712
29.965
30.009
30.434
30.536
31.735
33.544
35.709
35.523
32.724
29.417
25.699
22.353
19.656
18.03
17.244
17.383
18.95
22.726
24.284
24.568
24.09
22.758
21.55
20.088
19.438
19.25
19.689
20.359
21.841
24.184
26.916
28.435
27.213
23.933
21.079
18.047
16.581
16.064
15.779
15.899
17.19
20.072
21.057
20.982
20.356
18.925
17.318
15.513
14.188
13.373
13.033
13.045
13.385
14.586
16.109
17.871
18.648
18.9
18.435
17.415
16.899
16.637
16.698
17.046
18.416
22.315
24.353
25.088
25.382
24.331
23.316
22.021
21.045
20.816
20.89
21.557
22.095
23.296
24.858
26.833
28.718
28.877
27.979
26.291
25.138
24.113
24.283
24.686
25.669
26.762
26.721
26.914
27.313
27.476
27.511
26.916
26.323
26.378
26.848
27.517
28.522
29.758
31.463
34.267
35.454
32.685
30.169
28.166
25.22
21.755
20.228
19.904
21.224
24.536
26.534
27.543
28.44
28.672
27.851
27.03
26.303
26.334
26.627
26.653
26.85
27.283
28.069
29.843
32.014
31.665
29.507
26.353
23.599
21.553
19.771
19.225
20.775
24.315
25.521
25.952
26.148
25.239
24.096
22.642
21.669
22.311
23.018
24.016
25.16
26.861
28.814
30.45
29.632
27.655
25.768
23.55
21.785
20.459
19.478
19.244
21.328
25.799
28.347
28.921
28.732
28.162
26.854
25.608
25.104
25.4
26.003
26.858
28.078
29.989
32.268
33.479
32.028
28.446
25.6
23.437
21.252
19.59
18.929
19.434
20.962
24.681
26.304
26.344
25.892
25.047
23.363
21.486
20.124
19.763
19.629
19.816
20.063
21.658
23.387
24.839
23.474
20.776
18.483
16.94
15.411
14.511
14.938
15.766
17.122
19.485
20.455
20.232
19.715
18.691
17.353
15.884
15.206
15.326
15.902
16.53
17.88
19.634
20.939
22.069
22.107
21.223
19.764
18.924
17.881
16.934
16.452
16.369
17.204
19.793
21.081
20.645
20.376
19.337
18.547
17.425
16.249
15.789
15.753
15.842
16.817
18.129
20.09
22.006
22.598
21.635
20.499
18.638
16.636
15.388
14.851
14.818
16.019
18.801
19.848
18.803
17.964
17.064
16.36
15.511
